$ANSIBLE_VAULT;1.1;AES256
66643666353966346166653835383430636239623836646561663432383161623733623361666466
6134626130643433353536623135653330636336663334630a376465363934353130336334373635
37633030643932396139643737623166343565373365363031396531386232316432353634303531
6436663764383332610a353764373765663830363436356435343064303838633438313266316439
35313133396466336134386630333536316230646539616637366335343463393230336632373035
65343764383835306336303338306633663137613732316662613933653130373239343235363762
61313531386339353565323864343231643032633832333338346361353435656138653332313830
37303138313865343265313935396666633363666331356136656564373531623730333661643532
36373533393531613632373564353933373538643237316264623536383731366432363061323865
66366239313663373634663961353936393062663864653133653334363237613965323938366662
65636262653937366234333164623237373564316434363466323461303162323537306461356565
35636266643438623936623062663464383364343631313261653139363534643439656636353239
62663133633562323633356262343434623832623739623966303031336639343165663963316665
36343866383931363139393762643434333530656266363930303365323130353736396566313861
39396463353732373839633064353063643962656562636263303336643831623035643137386364
62376564626239326331643765323361643134663366313963343461333663343165326430306531
34333033643134383562373038336339356435383533626437666263636636626130303731663137
31386364353832623231316435356363636461643935363630363133626565613232373635393139
34623064613634643761373631633139656639396638313461653333326630363339373564306664
63373533383761343338313663633135333738613164366565303832383433666430656333303863
39633962663630363635313433383933393032643964663066623832626438303961363563346262
63373565646365376433653362313334623266663032653761616138636664336136383039666363
31386438306538663562663564313639643932353366656261666439613632346539323739353030
62666665326164373033386130306130303165303038323362353261383666656233656631333132
38313531626234373365376263323634353564653862666335346535353332353232363830623430
34366361653065353239643731613865616531386661343436626532636232346636623039636665
35616630363935636239663265623164626634396639303235343138363266323235633464336363
64646461303833626235303465643265373339393166323937656635646264653633646434303065
37356161633662633632626236653663663838373734346234386165343263396531363165333137
3132643766303863336131326532333039393065356666313936
