$ANSIBLE_VAULT;1.1;AES256
34393165613637396334363566663630393765653961646135613836333234363866396632323433
3363336635656262333437323762303666313532316138620a643238623964303330656437636631
38333861626330643433643462323534623934653932373163656661303731393939343362313836
3163633236336535630a326463323531373762323633323536346661343831326264623864363134
31383038333265646230616430306261653132303865336362343237333939646336643231653366
34393733626461636364666361626237396132663433666231336231303431636663366463383334
62376435363535346333666634653863363535336161393734363961643336336338636464383436
33613630383731326634313539373062643564633065613964356462633662646239373533613764
62393231373962363362343733333434336663663261306538316135653439613066613561303639
32633766373634626438376336636363353638316132366430643863333436343661393533396236
32383132613533633936373034383966383535386333366564313766633832626263343164396237
62313932336436393033653734346662643837646663616561343465383062333738333163353461
64303435396566366133663264623361363236353930363436623165653861373165323165623731
38613862363261333763323133656336613431313861623030626164633330633339373262313536
66393131303235376636383238323532633131383733313036643736663364313930386636353465
34383132643766386362633338333962323561393438646531343064353566616631316663353261
36656131376538303735623337636662373165303163353236366535373339326132363732663763
36326262643934356437376634643630623337353164323735643636623865333435623738373663
34373565663237656335373063353232663766666361626662633536393938626261643262616561
39633065623930643731386265666338626562313563653432336364343463353433636437346333
32616539386536306633653866653135373438353164643738656134386562633361613466636634
38336434646431303361633937313234313837613236346434356164363338363630656132316338
36663833376335303230363938306431623636666437303962373630613635376339373166303631
32313466623764643635353263303838663331636136353366393938356139313031616333646538
64363431306430643461393130343736363264366632393534363734633062316433616135656430
6164313436336333376166303436353733613161303439303136
