$ANSIBLE_VAULT;1.1;AES256
37396237643631653635353364643761656136303035366332393334353231623661366339346332
6530303963646563333533623661613337616634663731610a343339313861326634626532316636
61353433343636633038313238363532613732643063356337373862646139663066646337366438
3035343439376137340a613064626466363664366435333438376462616664613432396230323131
32323434333434643834313133653530663336356366343064613566656135346634343565626262
30306464616236613439653432303435666633386161646535393739353363363365346139613437
30646565333830346436383361333564633364636438623839343934336564653935313736626138
62663337663133333637353165396531653831656562616232346663306636303161333530653430
31623934623537623964656665343962336463393061636330663764306138663066656536616536
33626339646434323762653633366533633233386637316234653634393230626665333565663137
32366535393230393164333161313364393932346266343334326431383333316533643931653537
31313836333135316463643663323461343364356262313035393463626232306663383634333865
66613236646336353632316461643432323236663830336539373337313239383264393731643535
36336366316332333561313537313861613434656562623630386136323135333538323430373736
64626237626665373635313139643135316236656435346361636261323566326637656365343664
66386335356135383064363064303961393034653838616565623261326336353432616137633162
33396664336161313438333036363764613230356236323131343164306364653335623465316433
39376235316464393734366365383739633463366162373761333630343464386432353966306362
36626138306330306433653662326531373132363530386362633762653336643163343831616666
61363538653439633566653338346338666432323835613336356261613039623636646538383632
34666337646262356163633130613333613538663233396135353461313562353732636566326565
38363833373863333830353363333263383330653565653236333530386261633038343032333861
31356465336337323631363033646232306134343964656538633936333661396166636230313630
62323161396136383237343766626233663366613338323165336261623462306461623739626366
33373137326364356166356464306332303331323734316634326637643534386431626564323136
65343162333739356436626330663832343563633631303564313031323936323363373562656636
66363032373631363830303965366263303631626637613666623066626465653236623035366534
30306466313636346235613032343361323134633834626163316231653237383134306538353630
39343035393263386666653936356134316133343531306565656430313637663631316439316331
64316232653935643034666136353232623063376666343263636639643965353435366438366331
35363036356532393666303266393566616132616231323138306162633733356637646337386537
34303736313038616662636464306362343130356339323637303038653334633362646661393635
33386165333036663863343963313033303664363336333538653735336538623637346433646466
33316431323964666434633766616535313238613332366265316630386530616365656161356631
31383266376335616339653034313634313966353535303334323164303433656564366139383437
35383731383032623735613934393337613731353963613038633862383163613734316134386432
33646533323035333530616338323264623737393261653961333736383933623233376331373033
65316132353933636131666333383065643262383261616332623138623432663134653233373162
33373930616366323935666334383562333663303836356166313239373638616564373635633166
34393234353237616236396461333764303864373165303832636535613239333964396336373333
63343661303135343939613630343931373763666462306462336366333962636637303336633762
36376665626636386339303430343135626462373137336336306163613864303736616335376666
39373664623333353330316536346631366636313165333338383831623133633939633366643930
38383231613161373931333764643935366165636139326136343035643262623530666662376639
37656236303763353765396336303262643665633231616537646235306233323131396331353031
64613439386336633961623230303466313363643539333362363738353932623437343730363166
30383730343839633763366331636566393734646363333734323534336530633037316432336337
61646466316535626136653332306233366337633764363534616234613262363232623333663332
39366239393531323532326366326632336438353435323562616162623662383432393337646230
39616631643031643531633339653538356638376236653363343138636662363838643531646439
34393464653862393362666234383233333433303139386236653132396365343837366433366430
32313638306266626165653833623232623837343932373333623634353835373635383137613036
65346334613235376430643032383863313330643131643632336636393965303461363765643630
65323866343238653033346263616635366366306165346239633865616161363630653631303330
61656131336564613564336439346462623634623866656233623065356130393632656432386637
61623462333037313932663834303266386336353037663662363366363532326432326236646539
33656435626432363832653738646164653233363964393037313331303137316266663737393766
39366236333834613966653632353137326639346631636262623634303735653263373832353530
37363663626531626137653233393430396434336334356132663035343265353638623532303330
38646635343737376237356265626139353539333535373335376432336636316630343366383935
37363863363762643237613663323937643339366133353933636135333661383339323133643964
34616539333731376265386538356137346131313065366263356538393864313236613635663730
63303937623966393939333865306433336633613165326630643764343233386530366466303535
36643038333265376335663534643166323035316462633861373639663031323563613631656439
65333265386432663165623737656661613130316331366261323039616362613635653463663961
35636361656536316638626563626134343638356264363164343335613062306365333433343730
35343530643961643737396165343761336166623064663063363830396332383430306162313263
65376663343030636435646661303537303230616264613465623232633637313035626430636535
33666436653164613661306239343130653736313264643835363964396637333263333530356139
62316631353864643839373830383463333537616634353561336335356561353864656361373837
62656165376636613130383435643638393939323930613034383233656561666464396263383230
64316238383663626238353830353630396638353730356235633933663937343561363936643730
63616131613038303264373336363330343736346465623631663539333965333337666436636332
36643965383731633033386637613137663333376437636361323930306262363032356265363339
65343633653465613636613362333961633665396563396566653838623330356239323330323261
61643065323161646433646463333433363434653938373035323330346132643361353738636464
35353132616538646135336337313637383765393438383634386631393433373866633035653331
39333233646237623664366439373465383830346561313134313634313038383638643934623735
33316663393362613439323466653736373665653630616563356366323666323139663234383636
64653838393865386336313130643164323538333663646264306331326232316632303932613566
34626330653931306234373530653961613462396230333362663937323439613238386639663164
36663965633431383931646135333539616363383932623530623839316634386561623563663363
65373333303037353663343035616565343464373538393234303865373061326534623963663233
36623863666239323463383265316164653265363262366665633838643162666132626362636265
30363133393739386137386238663233643866306265393461663733383263356461656466646262
30333065346161373230386166663638333133363165663430636266643337663465303031366438
62633731393365363362353438366430626533633132633363363130663639313830316434646232
35363462333031376530346461336335313134656336616562326531316635626361363734623562
36333861313230373539326265303234393638333662336635643564663431316266333930393063
65383863376437353233653439313064313536653836616639373536386435323461393130383230
61626631633032653962393639363762666464303636633164376239336634386261373834376232
61336164346664633337363265393963343939363265323263623966353632323432326463393036
32656336386530653265636338646463373764356232643432376265663139646361343466393436
36373765653063323538336561633135613239636665303834656337343662353134633339333735
63306237306636313664643730353938323630333331316430623733616661613337346166373535
31333864366365336536313866373133376638353731623161616163343264323534656632633637
35363361646465613364363065303065313537653463643066383965633632386362383438643865
61663635626530326635623031383061336632336238626562326330633865633634653230653261
33333734313539643431343438373931373039623764636434636337373839396661356130323338
37336564336535613737386466363036376262356666663339653436373538326333653331313862
36363330386133633363386134376462623531316131326461633737346635366335316432303730
64613363316233336265333137623432303466643064316635613930396131393933623636653637
36633465343030353836386166633963653262643764386536313164633766353763356461336434
63626662346664396538353631306638366434373439353233396137356334653031616666336139
61623665336133636165346236623539613361613333666262313938366166373463353866373230
65386564393439336262653666316564346630616131346435636161343661386362366437323866
63303464373063376561386639336536303164393866363966633134373361646239663035303036
31323362383433663134646166313036393238303432623538333765373032623530383863656638
36346535666164613630636463643365353764626533363334326366343339376439316139303666
65646534613131613233313736356435396262373433613235343663383439393733306131343030
64313530393132666537666234356563383335643636356464333230363035393831343562633031
33633762333836306164623933383761613964626363393535363462656132666639656434323736
63333762336434323363623833653033643064343039653332616238393638366133633865396132
65366134356663363438366135663233353635333039633134623630633030306135353939643266
38376661303930613932643334383863633235373364313565646136313336396566316231386164
62343432363430613763363965353931656364653462376136306432333039396230613362623063
39663463396432626563326162373133373936336265313735663862353562393761633964613231
62353336383531633132623533643539363538663537346338666161633638613433326162363363
38383738303434353565323431363238653632366365383430363763663036313732643336323133
30386136633037623032306665353336363038656561666533653130653939313139646331363961
39373264653837663564393565393466653835356637386536366264666566383862636533383037
61633664643363356532626566333533633339653036626532396236623763626461386531346561
39383935663634343233306239393330363464363663643737373731343264613565656365346162
64313233386537323533393966313233396636616663653039393634623439623234376136353366
31383833613561626635383233333263343731616261303037333164363663613737303633376437
61323038383166343431383561306638393335333831333865363830336632323639656464616230
33626562636264613566633164616261626235303930623934626132666234633565626461376664
38616532666138303466663632353837373433313462316666653135613039663865656462663564
30343539343365363530623232373433666639363764303830396463393238303939373334336533
32653039373861656661306531326435613531356166623337623466633632353530626437646163
61303535353661343161303536383438376431373361653864633538643163353533653736366364
31326234373265613138376363313936313139313234323331623034363330336231643165363662
38326632613566656537393463623536346339636262316539663638633533646338613239376331
64326438623236393033356332336635636464393437383838623965353365623062333436356335
61303338613034343662376532376562356533353139653135313638303733323732646230386536
39633732663037663533366133663735613530636433626563666535646464346539343335616661
38613461623033633739653732323633313030373036356539316535333365343161386339323466
64303064366264616337633061616265303665363935383634353534303361646164343936623263
62366230633665376435626262666131373136613163393137303335373264366264643065316261
39313336366566376535633539363233623537306662383630303535323130666362313663636363
64613439373734653933386562373838663364636531393232373032303064613939316538303061
34383634643331396562336363303435303536316135616330393839373361343963363133616534
63316436356364646439383864363239613632653234323731386539626465666161613932333932
32353761623234343764393537343633373137323636326237373933373862356137306230346462
38366562373933343866666362353132613139656631663336656362363131643331333532303264
36316339363039633166316333316565336461383831646338383365326637353437313437333365
36666234616535663265313631636233333738353530306434336462383636623163323966373736
39616239383465386663333363336531343335363533613961383938643736373364306530633536
32616639633038396435613936306562323964623832313336303136303865376164343363353830
61333836396366653865613431323135396536626437346263333563316262316132666531383932
64336539326634303737333534383663643666656464656237326533356430653930333366333536
32663436346262643535303561653661646634316662386439653466353739623233643939346331
66386465613831326431383564636134613838643035623864363236303638373661333234383262
34376437646166383039616263646363383261616466393164663766363766396432306433656239
39633337636162643936383964376665343933356162343634373462313134376562386531613066
63653235633962396464333431633361363466643034326665383561343763313832373437306233
36613065633361363766396438333239333334363464616462303138663132303333393231613966
35376339373233663636383338636361333964343139346636633838303434656666626661353434
39396331326436663834363363613063633061346535666431363433373565393563633864633432
33323039366463356534323636376164613731333864363931633836306335346464376265643966
62633434663062336463386664313634313266383332343766643937356463363266643634326539
34393662666337343932333736303234343064613965653261356165353137656236363131356337
38353565393138656632643832633464376463663736636561383264316436653638323139303732
63313735623561386539383330316264653337336539366461313238366437373137643165383063
63303834656566303538326163666465643936623034646364636265636465653232366639663630
36356163373033373732343038333532383535663461336563303866343865366438343862353363
36613762386463313164393937623538646262656232636238383264643866353131323439396664
63323864313764643438393563333634626564613230343838383733633165653662613663383336
38626631303161323166386430626530633063303263383138613465303964663336303530626565
38613938373763656235376534646431313164303330623764396534356139383431653163656537
64373735366334663735336564313065626639333566373334336532656139306633653265313638
39306161353463393433623366316336626665666362643737666630303661616135346431366635
38383738366432613637306565643830313665666435636539373733656465663531333235653330
66656337366461353234366437643364653538303830393738336665383634643865393962623361
396133343237346439336434383061303036
