$ANSIBLE_VAULT;1.1;AES256
62396437633232393837383130373530313435313938363966663536663862303939653966663934
6430376332323637393763633531316364373163303762640a323662323636396132643235316531
32646330656438313465323431313065653539343335326366333536343762303663663239386333
3130376334336262640a333734663035316230343863633266633430306336306135383231303330
38633338623335616632623162633032343532393132303036363763383838343337333462366464
66353236396462653630633461323039663939363066343835633034313536343936616166356461
32396637396438636533396465333161306439343233326364316233636162343435613465656335
33373734346138643736346233636634346637366338643835373936393565333337366231666438
34376161323863626139393737313538396539346434393832306464396661653337316338646462
64393639373165356639653261346664336333666164663331336336356465653539316438316263
39643466363061663039646639633634386134306134336638633764383030626463363231623834
30393839656439323338326166323265383366663933323334353730626466643461613662396665
38663262323036373964376530633137656232313935623364353337646666333864313234653732
63386635393631373762396430653030343062323330636231633834376264633365333566633865
35366365353965356563616564353733373233636336346230666237343061303133396264316632
65623534313762613730383132353465643535366137666337323633626630366239666630383961
65663261616332343234316564613334366661356335326537356462303439363432373135656134
64633930653831666534336430353832393265353564336234386163336239393764666135393434
32333066323536323562663538316263316531653338346462636561623233366431633630343138
39333235366636313365613835353034663138343538333965623662643239623530316465393634
63626430343834303535353138616433366539343962663765393633353864373866663937633665
38356333643163663234373463633332366161613366653734386231633035353136306665643564
36366436316133343133333834663330653637393764363934636233623466313564623134343061
35386437306535626437653738346434323232333761393866303638623164383332656636633831
31643461623232633438643663336630333236313035383532376433353032366163363636353131
34653136356564333336346539643734663734356137613563386563333834333963613732333264
65633366356361643936333036653766643662323734663139666632376238343934323836303263
66346532393661666163633438373432623266386666353963663532333137336236626634363766
36333339363135633466633833363664326135396338356230346361326437366334663331363135
66386239383330383630313061336264646632303532363334616462346164613761633562666433
32616661393332343230666333663638653838366462653263613063313136613163376531633363
30393966663666393037373832356637396438623738393066353764323535656336666230373535
32626237353432643333626565343366363064666361333639613134636636303165636361633762
39336362303231626537316435383235616365376266313138633037623939663436383764626630
35393031376562383462306162393466643439386565306561383030623630636437656234343335
66313865656461376639393836353131666561623963316633303465323432336139323936626337
34393034323233373334623532393633363738616332306339643561333131656265623461363764
36336634396138333730666165393866396465373734663331383434326232666263346565643336
35393866363064616539636134356332663434366266393064343937326533313833613936633730
66616533313563326337396136343263623439383038663135336632303930376431653730393366
61663433653735393638306336656662343138646433313834616632353838613263356262356434
65343636303762633536396437323764333733313630343635323333343863323563323234373533
32373763393135323435346534396439646166633034346266366463663861626632333132653738
37326464643066303261316262353738343234653632333936386431343864646439386164323830
31326432336336396139663066383138656536363839333437633565353131623064643731396462
30643561643131373830633735656162613962643235643562303261623534386564616466373235
34643239643430376134396236623763396539383132363536636365643166383937336364333563
38623335393737376564396432313236613465393164636238343039636262613135623365623730
38623966653537306636303262616265363537366336333731623561393666336234636463643165
32643537366339333862653064623132386430633462333034343064343262656663653437656435
66623132623735353736643833343932616332326532633963623537306135366166376366363366
31306664363865666337636163313364396235303136303964396562303130646565393632313734
38353335306439306231393735636332663639353733353335386134393637393730363838373664
31373463366566326462303566303833643839386163666461396665363630623637306133326136
62626334613138623066646239333538633162383034303536383732663532636665623463303137
33336566333964363838666333323962626162303931306232323661363762386261323231393030
32633138613566333062323335653331666237363466303431323433346232363439313963393139
35663361623831666539323531343433356532353133663930313635643032363730613466396339
65633662613061383737623865656439626361613631346636393262383065663565323165353163
31346238383263653462633230633166656536363232306433663232653033626233336538353035
30333765333062613031313533656435313537616233393332353530353965623366643431303362
34393834323261393463366631363933633061393839383439333838613861363235363038376438
38313230646565626463376133373534646632353438613233636130636637613132623038386363
63313365613838303936643466323037613937363364303463346463663565633337326133616230
65353838353930636135363566313764356531616563656138653932346532613433663663326366
36653065626132346164333639623931336538613931396234343431343462303436346662383838
66323436393762623264373232386535383362626639346232343561623066616561316536383439
61633364323236626362616334613132643137313063373331363166306235393564363965363633
30653039393664613130386563333366366664376237396535333635316238376635366561383532
39323839663362303134363833363839616637653436313836636463326532646437363263626339
66306133363164613764653862306262643933383465376636323862363965653936313435633366
63626165643761346332383537363463383062646432383135356635393662313462366232633438
35316238303266643566306139653134353936663162333430366438356465326231633935393239
35373031353566363062306639633438363132313561666131373530663735666539643332343064
31393563643432393135366435643866316535616566386566353133643263646461303331313264
61356533376238386134653831633762613465323431346565653930636634373666613765356166
36333461666364613630306663343862653233373639373665653335393233336431303835663732
31663831323630383535666632313464653934363436623661356237373436323533363137633136
38636633336533303034363335663036343666333761323865376364376332653865316632313038
65643137666539636431643061396263353431343038363539613735636335643133623933323336
63373362353333353339626362653961303562326131383133343866343335663235346439643036
64343563376432666236303634396234653138636163353165356334633061323866646133626630
38653166616134646530646631313236313964643866626237333633303966663137373464313066
38633263303233393361383539313432323430376564376363613638643538393661633734396233
37636432356330616466636535383661373365316430393039356436623463396131383134356434
65306164373565303665386339613331373566393837306531656337363563353466346163626365
65663562303262643735636664343563616166666632663430373163366638333562343032653562
33643362643336356432636566373131626530303230303235666232626362613036363538356330
33363433643036623663376435383939663436343565316464393230393135396139633838653263
62303461643664363261383833643362356331633837376166653066363934316533303966386537
30646138623535633434623538396135306663373363373661353963363934303637653033616231
31653265393065383762653934656437656239326138373063643263303231333137626664343339
31363362643262366461633532376364653134393739393764346131633738666436353635653563
61623832373733613434643632643430376136363065333965316335626337663030376539316262
32373032633362653939353731666237356232326635643536386633613639656165313436386237
62326430613966396439373232666438613062333063646561353331306236343834393236343632
66323631373065343962383130386230666231396231613838646438666137336430323239313338
38323639356362346534653163343365393864376230333466366133396536303730623565666439
33646232643437303765366236333561313232346464666336393761326364393937646166383737
39343133653436303431656139323734323066333736613636656231636633343935303738396264
38316335306162626536613262353162666565393761656137663232666366643535336236616164
34353038333966366364346365366663323138346562346334383038623163393137396262366237
32343062396462313634383633623962636465383761303265376661326262323737356638623130
66613236663634396532376236633761326130653836313364653065393739336433653164393738
37623461383464383334353132383938623431386538633137343634613033366262303462383463
37323339343634323632336135336131303661343436336339643535303866306464396130363731
64393461633738346461613237303165623937303563333833636562653936386365343662376636
31353933643561306231353137303830613963326463326661326137613737666465383236313862
33623264373162663361666335363836316466306536336463346565396630333365633233326535
38623064336430343963656164653030663664396436363962386663666261663230333435366534
37303536316365366665356436613565343761323138626333653430373333326238656636656533
37653331393165303765366264396262663736656530303438636330613834323232656631616662
65636532326235623863663931353532653236336234643061653930326534646135346635353238
61666136336132363764346435653465396563363139393962393663623837383865656363373865
33336638373733646537363466333661303261343936396439616662343137343037623336356238
61633531646532353261636235376562643839303461643164396336343937386132323632323661
64393764343266636366633935346165356539613966346438386466326431303561656438356364
31623437316165626163666161663362333763626662656636633936343861663137633834393437
61383162363965656465313135313861643761663137643830653763626131623832363365383938
30323039333862613930343732663130653439323237383464386333323862386464643165663139
37613231623232363161363564316236653332666634326431336532646234393635666464653834
61626132313663316639366665383663623431626238643831633036666236353738666331336265
37633063636632663266633031326336663237386134333537333764666636323737343165663630
33323835643130323532663536613736623061386133643335643938353535356136376233663639
36616330373733643930353739623236343461306565303537663130396363396363663865323062
38626135313236376361313065636238626561633962353037643936363632386462376564626261
64396339343738366439613532613266306432643432316461386266353831353837653632336339
35346163396231336234626431323434643663386435663334396335626235656339353166666637
62653562636563303866653933323564306235643762313137303363633162366664656136353735
63633932623930303162383333316162313964386533333762376639656564623362363635626663
39383633646639373539366434343236343436303439663734343138636366353036353861333461
66646264613663623434383733373234396532653864643538643034653735663634613438303262
33623432353536303738636130656164656138313661313032373639386463393133366534653139
31373738633661646165623433356261393361633434363636353632343561656137336330323831
62396165383330333664333431393336623863386231373230326462343230353638643333333334
65636636633462303432633865363532363264333532643766616236343130363466306564616437
33356138313963613832343863376439323236646661623534306362306635373164313563616331
61363662656137653235346361366231663637323464633630343366366365353838396161643033
64626134303431333731663136393965373966376436623436613662336533383630313965653734
62623233386238643834363264616630623931393561636461646538393231396561313266326266
36656434393439376236633332393763653531343636396437656230636137326262643636666537
66613661386661623739343536653935626131393831333034386338626263386364333637653334
36373639373464623366393565386565353633663238613661353330356139333738333236353339
66383533306264333564363432613538353864643466326561306234633364373232623430613135
39323634306662663862633162303533633265353231363532343833613237323837363132633663
38393638643131623336626238666264303830353939356236643366353937383730636665386434
62663032366433613435363034653233663664316362623335653732396266383638633666333337
35663366346136393333333964353432613936323264633463366230303830363739623764326235
36363033303566616431313039363865613938373536303561373334373565306263386130366632
62336538616366666461613632653835336436366666633832303833363934653763383033653437
63356633336462393261633764386236633832346363616462353332383837633361383633363034
64343137623435326639366630653861306439626133653864366231616565613162386230633339
35353139663437646131303761363263326439363637613532363331633037653731646332643961
36383666323261343964383733646331626263363231326539353532383463646666313537663632
31353334326537646131626230663636303736656539383533616163646332316338366563613062
66333561633833333964396335393562386666326330376264313662363536363537623061633963
39383935346464633365613966663638663833643131326665326663393435333931643865343633
65366633653765666536646338333266376361306161643762343333313766653564306336636664
32323632323437336439326362396265373039366332353037646338326637633439393866643135
37636338633236376438636632653238643361346539383266313961666131343161373238383562
32396536663330323536353538393331613165663363633964666663623638663061663366363966
31316237303966613065323036643461656363633061343237633235326139313334353635303934
65326162613033333434653863303563386261326335633234643232646433353338333164376339
64613038663237656233376565356634336230343266366162343738326134336639643936313239
65613036653532333435646462396362373239306566666665343266363534613562653964613035
35343736306162663462303437663737613130386163333735643031636361646463336565333233
61623135363833363332616637626138333065393132396337643664623863376165613333356438
38343630376535613439396436353732653261313263633366616638363031353865656233666465
62363561393466363730626464666232653133616636356364333533356336386333353664666639
64333039303532313264333965613931663736613833353037373336373332656361623433633761
31306132363338313330343632396162356633653539666339383663656238313535656539313033
61373061373131653066363163656464303763383930643336626639626531306437313335343834
36636439623634313437633038303932623131646230633739656334323766613238316665313531
3930346232346230383763303066616563373963386161333530
